Run semi-empirical minimization
 &qmmm
    qm_theory='AM1', grms_tol=0.0005,
 scfconv=1.d-10, ndiis_attempts=700,   qmcharge=0,
 /
   6  C301       -3.8450        5.7970        1.6390 
   6  C302       -2.6970        6.6820        1.1500 
   1     H       -2.3760        6.3120        0.1500 
   1    H1       -1.8400        6.5860        1.8550 
   6  C303       -3.0800        8.1660        1.0220 
   1    H2       -3.9330        8.2660        0.3130 
   6  C304       -1.8710        8.9370        0.4800 
   1    H3       -3.3860        8.5730        2.0110 
   1    H4       -1.5930        8.4510       -0.4750 
   1    H5       -1.0290        8.8340        1.2000 
   6  C305       -2.1280       10.4330        0.2280 
   1    H6       -2.9510       10.5590       -0.5100 
   6  C306       -0.8600       11.1650       -0.2700 
   1    H7       -2.4470       10.9040        1.1850 
   6  C307       -0.3490       10.6370       -1.6300 
   1    H8       -0.0610       11.0470        0.4950 
   1   H10       -1.0900       12.2470       -0.3650 
   1   H11       -0.1490        9.5530       -1.5500 
   6  C308        0.9900       11.2350       -2.0810 
   1   H12       -1.1240       10.7940       -2.4120 
   1   H13        1.7600       11.0420       -1.3010 
   6  C309        0.9500       12.7310       -2.4150 
   1   H14        1.2920       10.6890       -3.0030 
   1   H15        0.6930       13.3180       -1.5070 
   1   H16        0.1760       12.9100       -3.1940 
   6  C310        2.3180       13.1790       -2.9490 
   1   H17        3.0990       13.0030       -2.1760 
   6  C311        2.3260       14.6560       -3.3270 
   1   H18        2.5780       12.5850       -3.8530 
   1   H19        2.1000       15.2830       -2.4400 
   1   H20        1.5740       14.8530       -4.1210 
   1   H21        3.3300       14.9320       -3.7140 
   6  C989       -3.3980        4.3350        1.6890 
   1   H22       -4.7080        5.8830        0.9430 
   1   H23       -4.1660        6.1190        2.6530 
   1  H989       -3.0880        3.9920        0.6770 
   1  H988       -4.2330        3.6930        2.0380 
   1  H987       -2.5400        4.2150        2.3850 

