C -1.202669000 -3.409950000 1.119329000
C -1.411739000 -2.174359000 0.499724000
C -0.727146000 -1.022656000 0.930591000
C 0.123516000 -1.134179000 2.040842000
C -0.967128000 0.275708000 0.237471000
C -2.418308000 0.556978000 0.020998000
C -3.233624000 -0.456209000 -0.525423000
S -2.546797000 -2.066783000 -0.876486000
C -3.038581000 1.762738000 0.386703000
C -4.388687000 1.993619000 0.129470000
C -5.160735000 1.004526000 -0.481184000
C -4.587605000 -0.227267000 -0.789194000
C 0.041589000 1.082002000 -0.189621000
C 1.489400000 0.756489000 -0.041523000
C -0.172076000 2.452862000 -0.827181000
C 0.181278000 3.558012000 0.191961000
S 1.664862000 3.219567000 1.255537000
C 2.300716000 1.692891000 0.594478000
C 3.687857000 1.456383000 0.786211000
C 4.263269000 0.304774000 0.316082000
C 3.503342000 -0.638223000 -0.425910000
C 2.104590000 -0.401492000 -0.636277000
C 4.110798000 -1.790999000 -0.989089000
C 1.392130000 -1.319720000 -1.455118000
C 2.014408000 -2.421436000 -1.999730000
C 3.384331000 -2.671471000 -1.757099000
H 1.003550000 -2.428241000 3.513200000
H -0.159868000 -4.464586000 2.674862000
H -1.743078000 -4.284796000 0.771229000
H 0.627549000 -0.246175000 2.406610000
H -2.454739000 2.523221000 0.893354000
H -4.837300000 2.940179000 0.415054000
H -6.213352000 1.176163000 -0.684729000
H -5.192121000 -1.023983000 -1.211576000
H 1.445162000 -3.103001000 -2.625105000
H 0.344035000 -1.141046000 -1.662328000
H -0.643062000 3.710295000 0.892103000
C 0.333726000 -2.362834000 2.661293000
C -0.319071000 -3.505005000 2.192142000
H 0.367868000 4.503429000 -0.325529000
H 4.284103000 2.200019000 1.306126000
H 5.322342000 0.118954000 0.473897000
H 5.170062000 -1.957557000 -0.810520000
H 3.860875000 -3.547638000 -2.186655000
C 0.598947000 2.621182000 -2.150218000
H -1.233444000 2.578917000 -1.055344000
H 1.681488000 2.598419000 -2.005512000
H 0.337954000 3.579068000 -2.612319000
H 0.335701000 1.825030000 -2.852850000