C 0.795181000 -3.504676000 1.051505000
C 1.128076000 -2.289170000 0.447146000
C 0.540433000 -1.083162000 0.875061000
C -0.332751000 -1.122313000 1.971437000
C 0.912992000 0.182665000 0.173407000
C 2.392899000 0.326678000 0.050283000
C 3.142254000 -0.747885000 -0.468239000
S 2.310572000 -2.270283000 -0.897088000
C 3.093213000 1.441402000 0.534843000
C 4.477472000 1.537026000 0.404066000
C 5.193932000 0.499719000 -0.196408000
C 4.529586000 -0.652242000 -0.613150000
C -0.011519000 1.049926000 -0.309680000
C -1.481195000 0.877565000 -0.087317000
C 0.200513000 2.368461000 -1.070478000
C 0.057679000 3.557279000 -0.097809000
S -1.238925000 3.315825000 1.212222000
C -2.136582000 1.906504000 0.583948000
C -3.533156000 1.850755000 0.829207000
C -4.270258000 0.787019000 0.373632000
C -3.666027000 -0.240600000 -0.398575000
C -2.256291000 -0.186866000 -0.658281000
C -4.433578000 -1.303579000 -0.943399000
C -1.689527000 -1.188826000 -1.493165000
C -2.465329000 -2.198830000 -2.016823000
C -3.849509000 -2.266434000 -1.733798000
H -1.349014000 -2.341089000 3.420441000
H -0.366969000 -4.469695000 2.580679000
H 1.260405000 -4.422829000 0.706440000
H -0.759496000 -0.194700000 2.336633000
H 2.539149000 2.235652000 1.023976000
H 4.995958000 2.414957000 0.777288000
H 6.272341000 0.568234000 -0.302981000
H 5.085557000 -1.490579000 -1.021259000
H -2.009824000 -2.949861000 -2.655656000
H -0.631372000 -1.145734000 -1.723650000
H -0.186439000 4.468064000 -0.651747000
C -0.663300000 -2.331475000 2.578758000
C -0.112240000 -3.525432000 2.108810000
H 0.992788000 3.726177000 0.441993000
H -4.007821000 2.661175000 1.373560000
H -5.338395000 0.738769000 0.568116000
H -5.499329000 -1.334900000 -0.731735000
H -4.448297000 -3.071809000 -2.148753000
C 1.423200000 2.540630000 -1.986594000
H 1.252657000 3.396711000 -2.648200000
H 1.560049000 1.655364000 -2.614087000
H 2.353254000 2.714825000 -1.446638000
H -0.667405000 2.420914000 -1.738596000
