C 0.417398000 -3.327992000 1.468650000
C 0.842161000 -2.281034000 0.643603000
C 0.466481000 -0.950000000 0.896191000
C -0.298876000 -0.703935000 2.052441000
C 0.935078000 0.196639000 0.065167000
C 2.373604000 0.091117000 -0.365230000
C 2.850925000 -1.177191000 -0.798092000
S 1.851019000 -2.651152000 -0.765664000
C 3.314781000 1.142055000 -0.431002000
C 4.597023000 0.976399000 -0.950527000
C 5.012820000 -0.266907000 -1.416936000
C 4.138494000 -1.343131000 -1.320254000
C 0.070801000 1.236890000 -0.241029000
C -1.407478000 1.053828000 -0.277224000
C 0.631236000 2.646415000 -0.469116000
C -0.409324000 3.625013000 -1.021125000
S -1.820060000 3.791975000 0.131601000
C -2.301737000 2.085630000 0.060665000
C -3.678575000 1.834749000 0.293954000
C -4.209294000 0.591060000 0.087909000
C -3.416573000 -0.426547000 -0.505870000
C -2.023052000 -0.184708000 -0.743731000
C -4.009204000 -1.645213000 -0.926653000
C -1.329416000 -1.153091000 -1.514047000
C -1.939393000 -2.310759000 -1.949392000
C -3.285941000 -2.581628000 -1.628633000
H -1.326815000 -1.516584000 3.752719000
H -0.709498000 -3.873125000 3.215495000
H 0.726846000 -4.344388000 1.245120000
H -0.560615000 0.320470000 2.293487000
H 3.066226000 2.116335000 -0.047780000
H 5.270249000 1.827921000 -0.977039000
H 6.010281000 -0.407550000 -1.821655000
H 4.453754000 -2.333487000 -1.634534000
H -1.371319000 -3.016131000 -2.548699000
H -0.300302000 -0.970504000 -1.791170000
H -0.799740000 3.299421000 -1.989580000
C -0.729400000 -1.739379000 2.873947000
C -0.381814000 -3.059635000 2.575267000
H 0.021117000 4.623582000 -1.133899000
H -4.306965000 2.656318000 0.625145000
H -5.258571000 0.396302000 0.291983000
H -5.061385000 -1.808412000 -0.708060000
H -3.752215000 -3.505188000 -1.958521000
C 1.224213000 3.231947000 0.839083000
H 1.840854000 4.112461000 0.621951000
H 1.829422000 2.506754000 1.383223000
H 0.419870000 3.545949000 1.508593000
H 1.428515000 2.577772000 -1.221396000